The shape of image is: (768, 1024, 3)
[[[120 111 132]
  [139 130 151]
  [155 146 167]
  ...
  [120 127  73]
  [131 136  82]
  [138 143  89]]

 [[ 87  78  99]
  [111 102 123]
  [132 123 144]
  ...
  [117 124  70]
  [135 142  88]
  [148 155 101]]

 [[ 72  65  83]
  [ 96  89 107]
  [117 109 130]
  ...
  [116 125  70]
  [134 143  86]
  [146 155  98]]

 ...

 [[ 88 105  73]
  [ 93 110  78]
  [108 125  93]
  ...
  [120 159  96]
  [119 158  93]
  [119 158  93]]

 [[ 85 100  71]
  [ 96 111  80]
  [113 128  97]
  ...
  [121 157  95]
  [120 156  92]
  [119 155  91]]

 [[ 86 101  72]
  [ 98 113  84]
  [112 127  96]
  ...
  [120 156  94]
  [119 154  90]
  [118 153  89]]]
New shape after slicing: (400, 400) or (400, 400)
[[167 180 194 ...  64  50  72]
 [161 171 184 ...  77  77  88]
 [163 170 178 ...  82  95  94]
 ...
 [105 112 122 ... 102 105 105]
 [114 114 126 ... 103 104 104]
 [115 116 119 ... 103 103 103]]
