The shape of image is: (400, 400, 1) or (400, 400)
[[[167]
  [180]
  [194]
  ...
  [ 64]
  [ 50]
  [ 72]]

 [[161]
  [171]
  [184]
  ...
  [ 77]
  [ 77]
  [ 88]]

 [[163]
  [170]
  [178]
  ...
  [ 82]
  [ 95]
  [ 94]]

 ...

 [[105]
  [112]
  [122]
  ...
  [102]
  [105]
  [105]]

 [[114]
  [114]
  [126]
  ...
  [103]
  [104]
  [104]]

 [[115]
  [116]
  [119]
  ...
  [103]
  [103]
  [103]]]
New shape after Transpose: (400, 400)
[[167 161 163 ... 105 114 115]
 [180 171 170 ... 112 114 116]
 [194 184 178 ... 122 126 119]
 ...
 [ 64  77  82 ... 102 103 103]
 [ 50  77  95 ... 105 104 103]
 [ 72  88  94 ... 105 104 103]]
